45,2
45,5
45,4
50,2
45,1
45,3
44,1
44,3
55,49
55,48
55,47
55,46
55,45
55,44
55,43
55,42
55,41
55,40
55,39
55,38
55,37
55,36
55,35
10,192
10,288
10,84
10,100
10,132
10,206
11,18
11,4
11,8
11,10
9,6
9,4
8,5
20,3
20,2
20,1
19,3
19,2
19,1
12,3
12,2
12,1
11,29
11,28
11,27
11,26
11,25
11,24
11,23
11,22
11,21
11,20
11,19
11,17
11,15
11,13
11,11
11,9
11,5
11,3
11,2
11,1
10,313
10,312
10,311
10,310
10,309
10,308
10,307
10,306
10,305
10,304
10,303
10,302
10,301
10,300
10,299
10,298
18,1
10,297
18,3
10,296
10,295
10,279
10,275
10,265
10,263
10,233
10,221
10,195
10,167
10,133
10,73
10,35
10,25
10,5
10,3
10,2
10,1
9,7
9,5
9,3
9,2
9,1
8,16
8,15
8,14
8,13
8,12
8,9
